start=364.600000
speed=1.200000
volume=95.000000
mute=yes
