start=468.285000
speed=0.200000
volume=95.000000
mute=yes
